_viz_0 = nengo_gui.components.HTMLView(env)
_viz_config[_viz_0].x = 0.8774793077580895
_viz_config[_viz_0].y = 0.42583851046818516
_viz_config[_viz_0].width = 0.18482451594727958
_viz_config[_viz_0].height = 0.2415716648986474
_viz_config[_viz_0].label_visible = True
_viz_1 = nengo_gui.components.XYValue(state)
_viz_config[_viz_1].max_value = 1
_viz_config[_viz_1].min_value = -1
_viz_config[_viz_1].index_x = 0
_viz_config[_viz_1].index_y = 1
_viz_config[_viz_1].x = 0.02613411018942154
_viz_config[_viz_1].y = 0.7770658378086368
_viz_config[_viz_1].width = 0.1679226973847849
_viz_config[_viz_1].height = 0.3047488328587414
_viz_config[_viz_1].label_visible = True
_viz_2 = nengo_gui.components.Value(value)
_viz_config[_viz_2].max_value = 3
_viz_config[_viz_2].min_value = -3
_viz_config[_viz_2].show_legend = False
_viz_config[_viz_2].legend_labels = ['label_0']
_viz_config[_viz_2].synapse = 0.01
_viz_config[_viz_2].x = 0.3151722259100631
_viz_config[_viz_2].y = 0.8123759102576043
_viz_config[_viz_2].width = 0.12519865601847896
_viz_config[_viz_2].height = 0.24298910753882308
_viz_config[_viz_2].label_visible = True
_viz_net_graph = nengo_gui.components.NetGraph()
_viz_progress = nengo_gui.components.Progress()
_viz_config[_viz_progress].x = 0
_viz_config[_viz_progress].y = 0
_viz_config[_viz_progress].width = 100
_viz_config[_viz_progress].height = 100
_viz_config[_viz_progress].label_visible = True
_viz_sim_control = nengo_gui.components.SimControl()
_viz_config[_viz_sim_control].shown_time = 0.5
_viz_config[_viz_sim_control].kept_time = 4.0
_viz_config[env].pos=(0.49863439098327234, 1.2535465790590687)
_viz_config[env].size=(0.29494106379918655, 0.05045044512354506)
_viz_config[model].pos=(0.19267060726875407, 0.016160128715177136)
_viz_config[model].size=(0.7858385976587554, 0.7858385976587554)
_viz_config[model].expanded=True
_viz_config[model].has_layout=True
_viz_config[movement].pos=(0.15548512716379476, 0.24996069309428318)
_viz_config[movement].size=(0.1, 0.1)
_viz_config[position].pos=(0.5752419773806918, 1.0152372365661286)
_viz_config[position].size=(0.1, 0.1)
_viz_config[radar].pos=(0.1168014893583144, 0.37145651012735564)
_viz_config[radar].size=(0.1, 0.1)
_viz_config[reward].pos=(0.5452335256050307, 0.28120210217205893)
_viz_config[reward].size=(0.1, 0.1)
_viz_config[state].pos=(0.4759960334248104, 0.7624876369995743)
_viz_config[state].size=(0.090430043145977, 0.06306305640443133)
_viz_config[stim_radar].pos=(-0.05698205482833595, 0.3237229331568389)
_viz_config[stim_radar].size=(0.1, 0.1)
_viz_config[value].pos=(0.30774080340442267, 0.31389243854735405)
_viz_config[value].size=(0.1, 0.1)